18 0.12109375 0.2565104166666667 0.03271484375 0.055338541666666664
29 0.150390625 0.2565104166666667 0.029296875 0.054036458333333336
17 0.18017578125 0.251953125 0.02490234375 0.050130208333333336
0 0.208984375 0.2513020833333333 0.02392578125 0.048177083333333336
19 0.27197265625 0.25390625 0.029296875 0.0546875
9 0.302734375 0.2532552083333333 0.02880859375 0.057291666666666664
12 0.3310546875 0.2506510416666667 0.02587890625 0.053385416666666664
24 0.42236328125 0.251953125 0.0263671875 0.050130208333333336
13 0.45361328125 0.251953125 0.029296875 0.059895833333333336
0 0.48095703125 0.251953125 0.0234375 0.046223958333333336
23 0.5087890625 0.2513020833333333 0.02587890625 0.047526041666666664
8 0.56982421875 0.2552083333333333 0.02978515625 0.059895833333333336
28 0.59912109375 0.2565104166666667 0.02685546875 0.059244791666666664
29 0.6259765625 0.2552083333333333 0.02783203125 0.056640625
29 0.6552734375 0.25390625 0.02734375 0.054036458333333336
9 0.71435546875 0.2545572916666667 0.02734375 0.046875
19 0.74072265625 0.2526041666666667 0.02978515625 0.047526041666666664
9 0.76904296875 0.2532552083333333 0.02685546875 0.05078125
5 0.79833984375 0.255859375 0.03125 0.061197916666666664
12 0.82470703125 0.2552083333333333 0.02587890625 0.048828125
8 0.11669921875 0.3828125 0.0283203125 0.051432291666666664
28 0.1455078125 0.3802083333333333 0.025390625 0.052083333333333336
29 0.17333984375 0.3821614583333333 0.02587890625 0.053385416666666664
9 0.19775390625 0.3782552083333333 0.02197265625 0.052734375
9 0.27001953125 0.375 0.0263671875 0.044270833333333336
19 0.2998046875 0.3782552083333333 0.0283203125 0.05078125
9 0.32861328125 0.3776041666666667 0.025390625 0.046223958333333336
5 0.35986328125 0.3782552083333333 0.0283203125 0.0546875
12 0.390625 0.3776041666666667 0.02978515625 0.048828125
24 0.42138671875 0.37890625 0.02880859375 0.054036458333333336
24 0.54248046875 0.3815104166666667 0.0302734375 0.048828125
13 0.57177734375 0.3815104166666667 0.02734375 0.0546875
0 0.60009765625 0.3834635416666667 0.0283203125 0.0546875
23 0.6279296875 0.3841145833333333 0.0263671875 0.0546875
4 0.68701171875 0.3821614583333333 0.02783203125 0.046875
20 0.71435546875 0.3815104166666667 0.02734375 0.05078125
15 0.74169921875 0.3821614583333333 0.025390625 0.055989583333333336
10 0.80078125 0.3782552083333333 0.0244140625 0.048828125
20 0.82861328125 0.3795572916666667 0.0234375 0.050130208333333336
17 0.85302734375 0.3841145833333333 0.02392578125 0.059895833333333336
14 0.908203125 0.3802083333333333 0.02490234375 0.049479166666666664
20 0.935546875 0.3841145833333333 0.02685546875 0.052734375
23 0.9619140625 0.38671875 0.02587890625 0.054036458333333336
5 0.11474609375 0.44921875 0.025390625 0.054036458333333336
9 0.14306640625 0.44921875 0.02587890625 0.055338541666666664
17 0.1708984375 0.4479166666666667 0.0263671875 0.055989583333333336
9 0.20458984375 0.4459635416666667 0.02783203125 0.054036458333333336
26 0.23583984375 0.4485677083333333 0.03271484375 0.0546875
0 0.26708984375 0.44140625 0.02734375 0.06705729166666667
23 0.30029296875 0.4440104166666667 0.02490234375 0.060546875
6 0.3603515625 0.4453125 0.02734375 0.050130208333333336
12 0.39013671875 0.4459635416666667 0.0302734375 0.052734375
14 0.4169921875 0.4485677083333333 0.021484375 0.049479166666666664
9 0.44921875 0.443359375 0.03173828125 0.059244791666666664
26 0.51318359375 0.4466145833333333 0.0263671875 0.054036458333333336
0 0.54345703125 0.44921875 0.0263671875 0.05078125
14 0.5673828125 0.4466145833333333 0.02685546875 0.047526041666666664
0 0.599609375 0.4446614583333333 0.02978515625 0.06380208333333333
17 0.6259765625 0.4446614583333333 0.02490234375 0.046875
9 0.6572265625 0.4440104166666667 0.029296875 0.048828125
19 0.68896484375 0.4446614583333333 0.03173828125 0.054036458333333336
15 0.77392578125 0.4466145833333333 0.02685546875 0.051432291666666664
0 0.80224609375 0.4459635416666667 0.021484375 0.048177083333333336
19 0.82958984375 0.4453125 0.02587890625 0.054036458333333336
12 0.85888671875 0.4446614583333333 0.0234375 0.051432291666666664
14 0.88134765625 0.4440104166666667 0.02099609375 0.053385416666666664
15 0.912109375 0.4446614583333333 0.0263671875 0.052083333333333336
19 0.939453125 0.4466145833333333 0.0224609375 0.056640625
1 0.111328125 0.509765625 0.02880859375 0.045572916666666664
2 0.14111328125 0.5130208333333334 0.02734375 0.0546875
0 0.17236328125 0.5110677083333334 0.02783203125 0.0546875
14 0.20166015625 0.51171875 0.02294921875 0.0546875
11 0.2666015625 0.5110677083333334 0.029296875 0.055338541666666664
29 0.2978515625 0.513671875 0.02880859375 0.055338541666666664
9 0.3291015625 0.5104166666666666 0.02880859375 0.059244791666666664
26 0.39208984375 0.509765625 0.02587890625 0.057291666666666664
0 0.421875 0.509765625 0.029296875 0.057291666666666664
23 0.45166015625 0.5143229166666666 0.0302734375 0.059244791666666664
6 0.51171875 0.5071614583333334 0.02490234375 0.048828125
12 0.54052734375 0.5084635416666666 0.02685546875 0.050130208333333336
14 0.568359375 0.5104166666666666 0.02783203125 0.059244791666666664
9 0.60205078125 0.5104166666666666 0.0302734375 0.055989583333333336
26 0.6591796875 0.5110677083333334 0.02880859375 0.060546875
0 0.68798828125 0.509765625 0.02783203125 0.057291666666666664
14 0.71728515625 0.509765625 0.0244140625 0.05078125
12 0.74462890625 0.509765625 0.0244140625 0.053385416666666664
29 0.7744140625 0.51171875 0.02978515625 0.055989583333333336
9 0.8046875 0.5084635416666666 0.02685546875 0.0546875
13 0.8603515625 0.5052083333333334 0.02880859375 0.050130208333333336
12 0.89111328125 0.5071614583333334 0.0244140625 0.053385416666666664
9 0.94189453125 0.505859375 0.0263671875 0.047526041666666664
24 0.96728515625 0.5078125 0.02197265625 0.050130208333333336
14 0.10888671875 0.58203125 0.0224609375 0.054036458333333336
23 0.13818359375 0.580078125 0.02978515625 0.052734375
17 0.16943359375 0.5794270833333334 0.0234375 0.057942708333333336
9 0.20263671875 0.5787760416666666 0.02978515625 0.056640625
19 0.2353515625 0.578125 0.02978515625 0.055338541666666664
19 0.32763671875 0.5774739583333334 0.02734375 0.0546875
0 0.3603515625 0.5748697916666666 0.0302734375 0.055989583333333336
18 0.39306640625 0.5735677083333334 0.02587890625 0.0546875
14 0.453125 0.5774739583333334 0.02392578125 0.0546875
12 0.4794921875 0.576171875 0.03369140625 0.05078125
26 0.54150390625 0.576171875 0.0263671875 0.05078125
20 0.57421875 0.5768229166666666 0.02392578125 0.056640625
23 0.60009765625 0.576171875 0.02685546875 0.0546875
17 0.10693359375 0.720703125 0.02734375 0.055989583333333336
0 0.138671875 0.716796875 0.0341796875 0.053385416666666664
6 0.201171875 0.7174479166666666 0.02783203125 0.0625
6 0.232421875 0.716796875 0.03271484375 0.059244791666666664
28 0.265625 0.71484375 0.02587890625 0.057942708333333336
17 0.10205078125 0.8561197916666666 0.02734375 0.06510416666666667
0 0.1328125 0.8567708333333334 0.0302734375 0.0625
6 0.19921875 0.857421875 0.029296875 0.064453125
6 0.2314453125 0.8567708333333334 0.0302734375 0.064453125
28 0.2626953125 0.8567708333333334 0.033203125 0.064453125