2 0.07666015625 0.13736979166666666 0.0244140625 0.049479166666666664
0 0.10888671875 0.13932291666666666 0.029296875 0.049479166666666664
4 0.15625 0.134765625 0.0322265625 0.044921875
4 0.18408203125 0.13411458333333334 0.02587890625 0.049479166666666664
26 0.23046875 0.1484375 0.02880859375 0.06315104166666667
0 0.2607421875 0.146484375 0.02783203125 0.052734375
4 0.30419921875 0.14713541666666666 0.033203125 0.061197916666666664
4 0.3359375 0.14518229166666666 0.03125 0.05859375
0 0.38232421875 0.14908854166666666 0.0302734375 0.052083333333333336
14 0.4384765625 0.150390625 0.029296875 0.05859375
12 0.46826171875 0.150390625 0.02734375 0.055989583333333336
5 0.49609375 0.15234375 0.02685546875 0.054036458333333336
28 0.52734375 0.154296875 0.029296875 0.059244791666666664
29 0.8505859375 0.16341145833333334 0.025390625 0.045572916666666664
9 0.876953125 0.16080729166666666 0.0234375 0.046875
23 0.7919921875 0.15885416666666666 0.0263671875 0.051432291666666664
12 0.82080078125 0.15755208333333334 0.02685546875 0.048828125
11 0.732421875 0.15364583333333334 0.02783203125 0.049479166666666664
0 0.763671875 0.154296875 0.03076171875 0.052734375
0 0.67578125 0.15364583333333334 0.02783203125 0.053385416666666664
26 0.64599609375 0.15364583333333334 0.02734375 0.057291666666666664
14 0.61474609375 0.15299479166666666 0.02734375 0.05859375
9 0.58544921875 0.1484375 0.03369140625 0.052083333333333336
10 0.07958984375 0.20182291666666666 0.025390625 0.052734375
9 0.10693359375 0.203125 0.0283203125 0.052734375
5 0.1376953125 0.203125 0.029296875 0.05859375
9 0.16943359375 0.20247395833333334 0.02880859375 0.057291666666666664
24 0.26123046875 0.2109375 0.02685546875 0.055989583333333336
9 0.28955078125 0.20963541666666666 0.02587890625 0.050130208333333336
26 0.32177734375 0.21484375 0.02783203125 0.05859375
0 0.35107421875 0.21354166666666666 0.02685546875 0.059895833333333336
15 0.41162109375 0.21484375 0.02734375 0.054036458333333336
28 0.47021484375 0.21549479166666666 0.025390625 0.053385416666666664
13 0.5009765625 0.21614583333333334 0.025390625 0.046875
9 0.529296875 0.21484375 0.0244140625 0.048828125
6 0.58642578125 0.21614583333333334 0.03271484375 0.05859375
9 0.6162109375 0.21419270833333334 0.02685546875 0.056640625
15 0.64501953125 0.22135416666666666 0.029296875 0.059895833333333336
5 0.67626953125 0.21940104166666666 0.03076171875 0.06640625
9 0.70703125 0.21549479166666666 0.02587890625 0.057291666666666664
14 0.78955078125 0.22200520833333334 0.0244140625 0.05078125
17 0.81689453125 0.22005208333333334 0.0283203125 0.057291666666666664
0 0.8486328125 0.22265625 0.03076171875 0.0625
24 0.8779296875 0.22265625 0.02685546875 0.061848958333333336
9 0.90673828125 0.21875 0.02734375 0.06315104166666667
23 0.93603515625 0.22200520833333334 0.02685546875 0.06510416666666667
3 0.07763671875 0.2747395833333333 0.0302734375 0.0625
12 0.107421875 0.2734375 0.02685546875 0.061197916666666664
26 0.1376953125 0.2701822916666667 0.02978515625 0.059895833333333336
23 0.16796875 0.2721354166666667 0.02685546875 0.055338541666666664
9 0.19970703125 0.2727864583333333 0.029296875 0.055338541666666664
15 0.29150390625 0.279296875 0.0302734375 0.055989583333333336
0 0.3193359375 0.279296875 0.02587890625 0.061197916666666664
19 0.34912109375 0.279296875 0.02783203125 0.060546875
12 0.3779296875 0.27734375 0.02685546875 0.052083333333333336
14 0.40625 0.2805989583333333 0.02734375 0.061197916666666664
16 0.4375 0.2779947916666667 0.02685546875 0.055989583333333336
19 0.46826171875 0.27734375 0.02880859375 0.05859375
6 0.529296875 0.2766927083333333 0.02978515625 0.052083333333333336
0 0.58642578125 0.2858072916666667 0.0322265625 0.057291666666666664
23 0.6162109375 0.2838541666666667 0.02685546875 0.056640625
12 0.64453125 0.2825520833333333 0.02685546875 0.051432291666666664
29 0.673828125 0.2845052083333333 0.03125 0.057291666666666664
9 0.7060546875 0.2805989583333333 0.029296875 0.055989583333333336
9 0.5595703125 0.4674479166666667 0.0029296875 0.0006510416666666666
27 0.76416015625 0.2858072916666667 0.029296875 0.06575520833333333
9 0.79150390625 0.283203125 0.02490234375 0.057291666666666664
14 0.81884765625 0.28515625 0.02587890625 0.061197916666666664
9 0.84765625 0.2819010416666667 0.02978515625 0.055989583333333336
14 0.90673828125 0.2877604166666667 0.0283203125 0.056640625
12 0.93603515625 0.287109375 0.03125 0.055338541666666664
9 0.07666015625 0.3391927083333333 0.02783203125 0.0546875
14 0.10498046875 0.33984375 0.02587890625 0.061197916666666664
26 0.13525390625 0.3385416666666667 0.02880859375 0.0625
0 0.1669921875 0.337890625 0.02978515625 0.059895833333333336
3 0.23095703125 0.341796875 0.0322265625 0.0625
9 0.2607421875 0.337890625 0.02880859375 0.056640625
2 0.2900390625 0.3385416666666667 0.02783203125 0.052734375
9 0.31982421875 0.3372395833333333 0.029296875 0.052734375
25 0.38232421875 0.3430989583333333 0.02880859375 0.055989583333333336
9 0.40869140625 0.33984375 0.02880859375 0.054036458333333336
25 0.44091796875 0.345703125 0.03564453125 0.060546875
21 0.49853515625 0.3463541666666667 0.03173828125 0.055338541666666664
23 0.55615234375 0.34765625 0.025390625 0.050130208333333336
13 0.5859375 0.3502604166666667 0.0283203125 0.056640625
19 0.64404296875 0.349609375 0.03271484375 0.055338541666666664
26 0.67529296875 0.3470052083333333 0.0263671875 0.056640625
24 0.7333984375 0.349609375 0.0263671875 0.05859375
9 0.7626953125 0.3450520833333333 0.02978515625 0.048828125
14 0.10498046875 0.404296875 0.0234375 0.055989583333333336
17 0.134765625 0.404296875 0.0283203125 0.055989583333333336
0 0.1689453125 0.4055989583333333 0.0322265625 0.059244791666666664
24 0.19921875 0.4069010416666667 0.0302734375 0.057291666666666664
9 0.2294921875 0.4029947916666667 0.0283203125 0.051432291666666664
14 0.3466796875 0.41015625 0.0244140625 0.055989583333333336
9 0.37841796875 0.4055989583333333 0.02734375 0.05859375
28 0.318359375 0.4088541666666667 0.0302734375 0.06380208333333333
7 0.29052734375 0.40625 0.03076171875 0.05859375
21 0.43408203125 0.4108072916666667 0.0322265625 0.060546875
23 0.466796875 0.4114583333333333 0.03076171875 0.061848958333333336
17 0.4931640625 0.41015625 0.0234375 0.059895833333333336
18 0.58642578125 0.4095052083333333 0.02734375 0.051432291666666664
13 0.615234375 0.4088541666666667 0.0302734375 0.057291666666666664
12 0.64453125 0.4055989583333333 0.0234375 0.05078125
6 0.67236328125 0.4088541666666667 0.029296875 0.050130208333333336
24 0.76025390625 0.41015625 0.02783203125 0.053385416666666664
13 0.7900390625 0.4153645833333333 0.029296875 0.059895833333333336
0 0.81787109375 0.4134114583333333 0.02587890625 0.054036458333333336
23 0.8486328125 0.4140625 0.025390625 0.057942708333333336
3 0.0771484375 0.4700520833333333 0.0263671875 0.055338541666666664
28 0.10498046875 0.4720052083333333 0.02783203125 0.053385416666666664
23 0.134765625 0.470703125 0.0322265625 0.055989583333333336
28 0.16455078125 0.470703125 0.02978515625 0.061848958333333336
14 0.22607421875 0.4733072916666667 0.0244140625 0.057291666666666664
28 0.25634765625 0.4772135416666667 0.03076171875 0.06510416666666667
4 0.28759765625 0.4739583333333333 0.02978515625 0.060546875
14 0.31689453125 0.4733072916666667 0.02783203125 0.068359375
9 0.34912109375 0.470703125 0.0283203125 0.045572916666666664
2 0.41015625 0.4694010416666667 0.02197265625 0.048177083333333336
17 0.43359375 0.47265625 0.02490234375 0.052734375
17 0.4609375 0.47265625 0.02880859375 0.06640625
9 0.49560546875 0.4733072916666667 0.029296875 0.050130208333333336
19 0.52587890625 0.4752604166666667 0.03271484375 0.052734375
9 0.64404296875 0.4700520833333333 0.02978515625 0.05078125
13 0.67578125 0.4791666666666667 0.0283203125 0.060546875
0 0.70361328125 0.4791666666666667 0.029296875 0.056640625
12 0.73095703125 0.4733072916666667 0.02880859375 0.0546875
26 0.81884765625 0.4772135416666667 0.02685546875 0.0546875
28 0.85107421875 0.486328125 0.029296875 0.06770833333333333
12 0.8818359375 0.48046875 0.02685546875 0.057291666666666664
14 0.0771484375 0.5384114583333334 0.02392578125 0.057291666666666664
9 0.1064453125 0.53515625 0.02734375 0.055989583333333336
23 0.166015625 0.5390625 0.0341796875 0.06966145833333333
9 0.2001953125 0.5364583333333334 0.03369140625 0.07552083333333333
14 0.2861328125 0.5338541666666666 0.02392578125 0.048177083333333336
12 0.32080078125 0.5403645833333334 0.0322265625 0.059895833333333336
4 0.37890625 0.5377604166666666 0.0263671875 0.060546875
0 0.40625 0.5403645833333334 0.0263671875 0.061197916666666664
24 0.4365234375 0.5384114583333334 0.0302734375 0.0546875
24 0.07763671875 0.666015625 0.03125 0.055989583333333336
9 0.10546875 0.666015625 0.025390625 0.056640625
14 0.16162109375 0.66796875 0.02587890625 0.055338541666666664
20 0.19677734375 0.66796875 0.03662109375 0.06315104166666667
19 0.228515625 0.6614583333333334 0.03125 0.061197916666666664
28 0.28857421875 0.66796875 0.03369140625 0.048828125
26 0.34912109375 0.673828125 0.03125 0.056640625
26 0.37890625 0.669921875 0.025390625 0.05078125
23 0.40771484375 0.6673177083333334 0.02880859375 0.055989583333333336
19 0.46728515625 0.66796875 0.03125 0.050130208333333336
0 0.49853515625 0.66796875 0.033203125 0.054036458333333336
6 0.5546875 0.6666666666666666 0.03125 0.049479166666666664
12 0.58544921875 0.6653645833333334 0.0283203125 0.048177083333333336
29 0.61572265625 0.669921875 0.02880859375 0.057291666666666664
9 0.64453125 0.6647135416666666 0.03076171875 0.0546875
3 0.69873046875 0.6692708333333334 0.0283203125 0.056640625
12 0.728515625 0.6686197916666666 0.03271484375 0.061197916666666664
13 0.76220703125 0.6712239583333334 0.025390625 0.047526041666666664
9 0.7939453125 0.6731770833333334 0.0341796875 0.052734375
14 0.076171875 0.7278645833333334 0.02685546875 0.053385416666666664
0 0.103515625 0.73046875 0.0263671875 0.053385416666666664
10 0.1337890625 0.732421875 0.0322265625 0.05078125
13 0.1650390625 0.732421875 0.029296875 0.054036458333333336
26 0.19775390625 0.734375 0.03466796875 0.055338541666666664
0 0.22998046875 0.7350260416666666 0.02685546875 0.059895833333333336
24 0.3173828125 0.732421875 0.0263671875 0.052083333333333336
13 0.34765625 0.7337239583333334 0.03466796875 0.0625
0 0.37548828125 0.7298177083333334 0.0283203125 0.06901041666666667
23 0.40576171875 0.73046875 0.02978515625 0.0546875
9 0.43603515625 0.7298177083333334 0.02490234375 0.046875
23 0.46533203125 0.7330729166666666 0.0283203125 0.0625
26 0.52392578125 0.734375 0.029296875 0.0546875
9 0.5556640625 0.7311197916666666 0.03076171875 0.053385416666666664
2 0.58203125 0.73046875 0.0283203125 0.052734375
12 0.61083984375 0.732421875 0.03173828125 0.049479166666666664
17 0.6396484375 0.734375 0.02587890625 0.051432291666666664
9 0.67041015625 0.732421875 0.03173828125 0.059244791666666664
23 0.73046875 0.7356770833333334 0.033203125 0.054036458333333336
9 0.76025390625 0.7330729166666666 0.0283203125 0.046875
15 0.7919921875 0.7389322916666666 0.03173828125 0.0546875
9 0.81982421875 0.734375 0.02783203125 0.046875
11 0.0771484375 0.794921875 0.0263671875 0.052083333333333336
0 0.10595703125 0.7975260416666666 0.02685546875 0.052083333333333336
26 0.13427734375 0.7981770833333334 0.025390625 0.052734375
26 0.1650390625 0.7994791666666666 0.029296875 0.052734375
0 0.19580078125 0.7955729166666666 0.03173828125 0.052083333333333336
21 0.287109375 0.7975260416666666 0.02734375 0.060546875
13 0.318359375 0.7981770833333334 0.02978515625 0.056640625
0 0.3466796875 0.796875 0.02880859375 0.059895833333333336
19 0.40673828125 0.7962239583333334 0.02734375 0.057942708333333336
26 0.43701171875 0.7981770833333334 0.02734375 0.060546875
9 0.466796875 0.7962239583333334 0.0283203125 0.050130208333333336
18 0.52490234375 0.7994791666666666 0.0283203125 0.0546875
28 0.552734375 0.7981770833333334 0.029296875 0.052083333333333336
5 0.58642578125 0.798828125 0.0283203125 0.0625
9 0.61572265625 0.794921875 0.02783203125 0.047526041666666664
22 0.67236328125 0.7916666666666666 0.02783203125 0.055989583333333336
9 0.69921875 0.796875 0.02734375 0.052083333333333336
17 0.7275390625 0.8001302083333334 0.02490234375 0.0625
17 0.7578125 0.802734375 0.0302734375 0.06770833333333333
24 0.10302734375 0.8600260416666666 0.0302734375 0.050130208333333336
13 0.13720703125 0.865234375 0.03369140625 0.059895833333333336
0 0.16796875 0.8619791666666666 0.03076171875 0.057942708333333336
23 0.1962890625 0.8619791666666666 0.02734375 0.05078125
9 0.25732421875 0.86328125 0.02685546875 0.054036458333333336
14 0.287109375 0.861328125 0.02490234375 0.059244791666666664
26 0.31494140625 0.8639322916666666 0.03466796875 0.056640625
28 0.34619140625 0.8606770833333334 0.02783203125 0.055989583333333336
1 0.40673828125 0.8600260416666666 0.0302734375 0.047526041666666664
2 0.435546875 0.8619791666666666 0.025390625 0.05078125
0 0.46337890625 0.8626302083333334 0.02685546875 0.053385416666666664
14 0.4921875 0.861328125 0.02587890625 0.048177083333333336
11 0.5546875 0.8639322916666666 0.03076171875 0.055338541666666664
29 0.583984375 0.8639322916666666 0.02880859375 0.054036458333333336
9 0.61328125 0.8626302083333334 0.029296875 0.052083333333333336
13 0.671875 0.8626302083333334 0.02978515625 0.05078125
12 0.70263671875 0.8626302083333334 0.02294921875 0.050130208333333336
9 0.7607421875 0.8639322916666666 0.0302734375 0.054036458333333336
24 0.79150390625 0.87109375 0.029296875 0.06510416666666667