5 0.1044921875 0.22786458333333334 0.03271484375 0.061848958333333336
9 0.1357421875 0.22395833333333334 0.0263671875 0.055338541666666664
17 0.1650390625 0.22591145833333334 0.0244140625 0.056640625
9 0.19384765625 0.22591145833333334 0.02685546875 0.050130208333333336
26 0.22509765625 0.2265625 0.0283203125 0.057942708333333336
0 0.25537109375 0.224609375 0.025390625 0.059244791666666664
0 0.31640625 0.23177083333333334 0.02783203125 0.0625
2 0.34326171875 0.22981770833333334 0.02197265625 0.048828125
0 0.375 0.232421875 0.02587890625 0.055338541666666664
23 0.40576171875 0.23502604166666666 0.03076171875 0.059895833333333336
28 0.4638671875 0.23307291666666666 0.0263671875 0.05078125
6 0.49462890625 0.22916666666666666 0.02978515625 0.048177083333333336
0 0.52490234375 0.22981770833333334 0.02783203125 0.054036458333333336
24 0.55322265625 0.22981770833333334 0.02783203125 0.055338541666666664
18 0.5830078125 0.22981770833333334 0.02734375 0.060546875
28 0.61474609375 0.23046875 0.02880859375 0.055338541666666664
15 0.64599609375 0.22981770833333334 0.0302734375 0.055989583333333336
2 0.70556640625 0.228515625 0.025390625 0.05078125
17 0.73388671875 0.22916666666666666 0.02734375 0.049479166666666664
17 0.76416015625 0.22786458333333334 0.029296875 0.050130208333333336
13 0.86083984375 0.23177083333333334 0.0302734375 0.0546875
0 0.88818359375 0.23177083333333334 0.0244140625 0.059244791666666664
19 0.91259765625 0.236328125 0.01953125 0.051432291666666664
12 0.9375 0.240234375 0.02392578125 0.053385416666666664
19 0.103515625 0.2903645833333333 0.02783203125 0.064453125
0 0.1328125 0.2864583333333333 0.02734375 0.05859375
13 0.099609375 0.4153645833333333 0.0302734375 0.055338541666666664
0 0.13232421875 0.4212239583333333 0.02685546875 0.056640625
19 0.1640625 0.4205729166666667 0.02978515625 0.052734375
12 0.19482421875 0.4212239583333333 0.0302734375 0.053385416666666664
24 0.224609375 0.4244791666666667 0.02392578125 0.057291666666666664
19 0.28369140625 0.4231770833333333 0.02490234375 0.057291666666666664
0 0.31298828125 0.4231770833333333 0.02685546875 0.0546875
18 0.37109375 0.4231770833333333 0.029296875 0.05078125
0 0.39990234375 0.4251302083333333 0.02685546875 0.05078125
19 0.43359375 0.42578125 0.02978515625 0.052734375
9 0.4619140625 0.4225260416666667 0.0263671875 0.053385416666666664
24 0.58154296875 0.427734375 0.0263671875 0.05859375
13 0.61279296875 0.427734375 0.0283203125 0.052083333333333336
0 0.64404296875 0.4264322916666667 0.02880859375 0.055989583333333336
23 0.67138671875 0.4264322916666667 0.03125 0.053385416666666664
8 0.73583984375 0.4283854166666667 0.03369140625 0.060546875
18 0.76708984375 0.4309895833333333 0.0234375 0.057942708333333336
14 0.794921875 0.4296875 0.02392578125 0.052083333333333336
6 0.8603515625 0.4283854166666667 0.02685546875 0.046223958333333336
12 0.8896484375 0.4303385416666667 0.0234375 0.049479166666666664
29 0.9140625 0.431640625 0.0224609375 0.053385416666666664
9 0.9375 0.431640625 0.0244140625 0.051432291666666664
2 0.09765625 0.4798177083333333 0.02880859375 0.052083333333333336
17 0.12841796875 0.484375 0.02685546875 0.057291666666666664
17 0.158203125 0.484375 0.02490234375 0.051432291666666664
9 0.19140625 0.4856770833333333 0.0322265625 0.056640625
19 0.2216796875 0.4876302083333333 0.02685546875 0.0625
14 0.3115234375 0.490234375 0.02734375 0.059244791666666664
0 0.34033203125 0.4876302083333333 0.0283203125 0.054036458333333336
10 0.37109375 0.486328125 0.0283203125 0.053385416666666664
13 0.40087890625 0.48828125 0.02880859375 0.055338541666666664
26 0.43115234375 0.4921875 0.0244140625 0.048177083333333336
0 0.4619140625 0.4921875 0.02978515625 0.053385416666666664
3 0.5205078125 0.490234375 0.0283203125 0.053385416666666664
12 0.55126953125 0.4934895833333333 0.02880859375 0.056640625
13 0.5810546875 0.4928385416666667 0.0302734375 0.061848958333333336
17 0.61279296875 0.494140625 0.0263671875 0.057942708333333336
14 0.6708984375 0.494140625 0.0263671875 0.052734375
9 0.7041015625 0.4915364583333333 0.029296875 0.050130208333333336
18 0.736328125 0.494140625 0.02587890625 0.057942708333333336
19 0.767578125 0.4947916666666667 0.03076171875 0.055338541666666664
14 0.82763671875 0.4967447916666667 0.02587890625 0.055338541666666664
23 0.85888671875 0.4954427083333333 0.0263671875 0.055338541666666664
9 0.88818359375 0.494140625 0.02685546875 0.052734375
19 0.095703125 0.6139322916666666 0.02978515625 0.059244791666666664
0 0.1298828125 0.615234375 0.03076171875 0.061197916666666664
17 0.16015625 0.6178385416666666 0.0263671875 0.057942708333333336
0 0.1904296875 0.619140625 0.033203125 0.061848958333333336
29 0.22314453125 0.619140625 0.03173828125 0.06510416666666667
21 0.279296875 0.6165364583333334 0.02880859375 0.057291666666666664
23 0.31005859375 0.6204427083333334 0.03076171875 0.055338541666666664
9 0.34033203125 0.6217447916666666 0.03076171875 0.055338541666666664
10 0.39990234375 0.62109375 0.0302734375 0.0546875
12 0.4287109375 0.6178385416666666 0.0283203125 0.055338541666666664
29 0.458984375 0.62109375 0.029296875 0.06315104166666667
9 0.48828125 0.6223958333333334 0.02490234375 0.052083333333333336
5 0.51904296875 0.6263020833333334 0.0302734375 0.057291666666666664
12 0.55029296875 0.6263020833333334 0.02685546875 0.054036458333333336
17 0.57763671875 0.626953125 0.0244140625 0.051432291666666664
19 0.09765625 0.75 0.0302734375 0.06315104166666667
0 0.1279296875 0.7454427083333334 0.02685546875 0.055989583333333336
17 0.15673828125 0.748046875 0.02490234375 0.060546875
0 0.1875 0.7467447916666666 0.03125 0.06315104166666667
29 0.216796875 0.7513020833333334 0.029296875 0.053385416666666664
24 0.33642578125 0.75390625 0.025390625 0.052734375
13 0.36767578125 0.7545572916666666 0.0302734375 0.059895833333333336
0 0.39599609375 0.7545572916666666 0.025390625 0.056640625
23 0.42529296875 0.7571614583333334 0.0283203125 0.05859375
3 0.48779296875 0.759765625 0.0302734375 0.060546875
28 0.515625 0.7571614583333334 0.02685546875 0.056640625
23 0.54638671875 0.7591145833333334 0.02880859375 0.053385416666666664
28 0.57763671875 0.7630208333333334 0.02880859375 0.059895833333333336
14 0.638671875 0.7643229166666666 0.02197265625 0.061848958333333336
28 0.70361328125 0.7669270833333334 0.02685546875 0.056640625
4 0.734375 0.76953125 0.02880859375 0.057942708333333336
14 0.765625 0.7701822916666666 0.02587890625 0.0546875
9 0.79736328125 0.7688802083333334 0.0302734375 0.059244791666666664
0 0.88525390625 0.7688802083333334 0.0234375 0.052734375
11 0.85791015625 0.771484375 0.025390625 0.059895833333333336
26 0.90771484375 0.7649739583333334 0.02392578125 0.054036458333333336
24 0.0966796875 0.814453125 0.0263671875 0.056640625
23 0.12646484375 0.814453125 0.02880859375 0.05078125
12 0.15625 0.8157552083333334 0.0263671875 0.055338541666666664
29 0.185546875 0.8190104166666666 0.029296875 0.056640625
9 0.21484375 0.814453125 0.02978515625 0.050130208333333336
19 0.27490234375 0.8203125 0.03076171875 0.05859375
12 0.3037109375 0.81640625 0.02783203125 0.055338541666666664
17 0.33203125 0.8209635416666666 0.02734375 0.056640625
9 0.36328125 0.822265625 0.03173828125 0.055338541666666664
19 0.39794921875 0.8209635416666666 0.0263671875 0.0546875