17 0.078125 0.06640625 0.03076171875 0.050130208333333336
0 0.1083984375 0.07096354166666667 0.0244140625 0.055338541666666664
6 0.16748046875 0.0703125 0.02734375 0.055989583333333336
6 0.19775390625 0.07096354166666667 0.02734375 0.061848958333333336
28 0.22314453125 0.06510416666666667 0.0234375 0.053385416666666664
4 0.28466796875 0.05859375 0.0302734375 0.055338541666666664
12 0.31201171875 0.059895833333333336 0.02685546875 0.057291666666666664
19 0.341796875 0.0546875 0.02880859375 0.061848958333333336
26 0.37353515625 0.049479166666666664 0.03271484375 0.06901041666666667
26 0.40380859375 0.05078125 0.03369140625 0.059895833333333336
12 0.43408203125 0.045572916666666664 0.02490234375 0.06380208333333333
26 0.46435546875 0.05078125 0.02734375 0.059895833333333336
18 0.4951171875 0.051432291666666664 0.02685546875 0.06380208333333333
28 0.52294921875 0.045572916666666664 0.0283203125 0.060546875
15 0.556640625 0.046875 0.02880859375 0.064453125
9 0.58935546875 0.042317708333333336 0.03173828125 0.055989583333333336
2 0.65380859375 0.03515625 0.02880859375 0.048177083333333336
17 0.6865234375 0.033203125 0.02685546875 0.047526041666666664
17 0.72021484375 0.033854166666666664 0.02783203125 0.053385416666666664
19 0.822265625 0.02734375 0.0341796875 0.048828125
0 0.85498046875 0.029296875 0.02685546875 0.057942708333333336
26 0.078125 0.20052083333333334 0.03564453125 0.053385416666666664
0 0.1083984375 0.203125 0.025390625 0.06705729166666667
11 0.134765625 0.19986979166666666 0.02294921875 0.052734375
17 0.166015625 0.20182291666666666 0.03076171875 0.05859375
9 0.1953125 0.197265625 0.02880859375 0.05078125
17 0.07958984375 0.3333333333333333 0.03125 0.051432291666666664
0 0.10986328125 0.3294270833333333 0.02734375 0.050130208333333336
6 0.1650390625 0.328125 0.03564453125 0.054036458333333336
6 0.19384765625 0.3326822916666667 0.02978515625 0.059244791666666664
28 0.22412109375 0.3307291666666667 0.02783203125 0.05078125
23 0.25439453125 0.3287760416666667 0.02734375 0.049479166666666664
24 0.314453125 0.3274739583333333 0.02734375 0.059244791666666664
0 0.34375 0.3268229166666667 0.0283203125 0.053385416666666664
27 0.375 0.3287760416666667 0.02587890625 0.055989583333333336
9 0.404296875 0.326171875 0.02783203125 0.056640625
0 0.4638671875 0.3235677083333333 0.03076171875 0.0625
23 0.49658203125 0.3248697916666667 0.03173828125 0.05078125
14 0.5576171875 0.3196614583333333 0.02978515625 0.046875
12 0.58935546875 0.314453125 0.03173828125 0.05859375
5 0.6240234375 0.3170572916666667 0.0322265625 0.059895833333333336
28 0.65673828125 0.3170572916666667 0.02734375 0.05078125
17 0.7216796875 0.3131510416666667 0.03125 0.049479166666666664
0 0.75537109375 0.314453125 0.0302734375 0.0546875
10 0.7919921875 0.31640625 0.033203125 0.061197916666666664
12 0.82421875 0.314453125 0.03173828125 0.05859375
29 0.85693359375 0.31640625 0.03125 0.0625
9 0.88671875 0.3111979166666667 0.03076171875 0.054036458333333336
6 0.08203125 0.3899739583333333 0.02685546875 0.044921875
9 0.10693359375 0.3951822916666667 0.02978515625 0.056640625
19 0.13720703125 0.396484375 0.029296875 0.05078125
26 0.197265625 0.3971354166666667 0.02685546875 0.060546875
0 0.2255859375 0.392578125 0.02880859375 0.057942708333333336
11 0.2548828125 0.3919270833333333 0.02978515625 0.057291666666666664
17 0.28125 0.3958333333333333 0.0234375 0.057291666666666664
9 0.31103515625 0.3938802083333333 0.03173828125 0.057942708333333336
0 0.07861328125 0.5279947916666666 0.02783203125 0.055989583333333336
23 0.10986328125 0.5299479166666666 0.0302734375 0.057291666666666664
14 0.1689453125 0.5279947916666666 0.03076171875 0.055338541666666664
12 0.19580078125 0.525390625 0.02490234375 0.051432291666666664
5 0.22705078125 0.5286458333333334 0.02978515625 0.057291666666666664
28 0.25244140625 0.529296875 0.0283203125 0.05078125
17 0.31396484375 0.5305989583333334 0.02978515625 0.054036458333333336
0 0.34423828125 0.525390625 0.029296875 0.052083333333333336
10 0.373046875 0.5286458333333334 0.029296875 0.052083333333333336
12 0.4013671875 0.5247395833333334 0.02734375 0.055989583333333336
29 0.43310546875 0.5299479166666666 0.033203125 0.056640625
9 0.4658203125 0.53125 0.03271484375 0.055338541666666664
6 0.52734375 0.5305989583333334 0.0341796875 0.055338541666666664
9 0.55859375 0.53125 0.02783203125 0.056640625
2 0.58935546875 0.529296875 0.03076171875 0.048828125
14 0.07958984375 0.6608072916666666 0.0283203125 0.048177083333333336
12 0.1083984375 0.6569010416666666 0.0322265625 0.051432291666666664
17 0.1640625 0.6634114583333334 0.03271484375 0.055989583333333336
0 0.19482421875 0.6627604166666666 0.0283203125 0.055338541666666664
10 0.22607421875 0.662109375 0.03125 0.06640625
0 0.2529296875 0.6634114583333334 0.0263671875 0.0625
2 0.28076171875 0.6634114583333334 0.0263671875 0.0546875
18 0.37109375 0.6686197916666666 0.03271484375 0.06640625
28 0.40185546875 0.66796875 0.0263671875 0.060546875
11 0.4345703125 0.666015625 0.033203125 0.057942708333333336
18 0.49658203125 0.6666666666666666 0.03271484375 0.054036458333333336
18 0.52490234375 0.6673177083333334 0.029296875 0.052083333333333336
6 0.55859375 0.666015625 0.029296875 0.055338541666666664
17 0.65576171875 0.6744791666666666 0.03515625 0.064453125
0 0.69189453125 0.673828125 0.033203125 0.06770833333333333
6 0.7587890625 0.673828125 0.03173828125 0.06510416666666667
6 0.79150390625 0.6751302083333334 0.03173828125 0.057291666666666664
28 0.82177734375 0.6744791666666666 0.033203125 0.059895833333333336
18 0.08056640625 0.724609375 0.02783203125 0.052734375
28 0.10693359375 0.7265625 0.0302734375 0.05078125
11 0.13818359375 0.7252604166666666 0.0283203125 0.050130208333333336
18 0.193359375 0.7265625 0.025390625 0.050130208333333336
18 0.22509765625 0.73046875 0.029296875 0.051432291666666664
18 0.25439453125 0.73046875 0.0263671875 0.055338541666666664
6 0.2685546875 0.7578125 0.0009765625 0.0006510416666666666
27 0.08251953125 0.857421875 0.0322265625 0.059244791666666664
12 0.1103515625 0.853515625 0.021484375 0.048177083333333336
14 0.13720703125 0.859375 0.025390625 0.052734375
0 0.19580078125 0.86328125 0.0283203125 0.061197916666666664
5 0.22314453125 0.8626302083333334 0.02880859375 0.055989583333333336
9 0.2509765625 0.8626302083333334 0.0244140625 0.048828125
5 0.3408203125 0.8697916666666666 0.03125 0.057942708333333336
9 0.37353515625 0.8723958333333334 0.03271484375 0.05859375
17 0.400390625 0.873046875 0.02392578125 0.059244791666666664
9 0.42822265625 0.8756510416666666 0.03369140625 0.06705729166666667
26 0.46484375 0.8756510416666666 0.03466796875 0.064453125
0 0.49658203125 0.8736979166666666 0.025390625 0.06510416666666667
23 0.55712890625 0.880859375 0.033203125 0.060546875
0 0.5908203125 0.884765625 0.025390625 0.06705729166666667
13 0.6240234375 0.8834635416666666 0.02685546875 0.0546875
12 0.6552734375 0.8860677083333334 0.02978515625 0.059244791666666664
11 0.72216796875 0.890625 0.02685546875 0.052734375
29 0.7548828125 0.8958333333333334 0.0341796875 0.06380208333333333
9 0.78759765625 0.890625 0.03271484375 0.0625
10 0.8466796875 0.88671875 0.03076171875 0.059895833333333336
9 0.8779296875 0.8828125 0.025390625 0.055989583333333336
17 0.9013671875 0.8834635416666666 0.02685546875 0.061197916666666664