14 0.07373046875 0.0546875 0.029296875 0.064453125
23 0.1025390625 0.05078125 0.025390625 0.059244791666666664
17 0.12939453125 0.055338541666666664 0.0283203125 0.06640625
9 0.1611328125 0.046875 0.03271484375 0.052083333333333336
19 0.19091796875 0.050130208333333336 0.029296875 0.0625
14 0.279296875 0.034505208333333336 0.02587890625 0.054036458333333336
12 0.30810546875 0.03125 0.03076171875 0.061848958333333336
9 0.37255859375 0.024739583333333332 0.0322265625 0.049479166666666664
26 0.40625 0.02734375 0.02880859375 0.054036458333333336
0 0.43701171875 0.024739583333333332 0.0283203125 0.048828125
14 0.07666015625 0.189453125 0.02587890625 0.056640625
0 0.1083984375 0.19140625 0.02587890625 0.060546875
10 0.13671875 0.18880208333333334 0.03125 0.054036458333333336
13 0.16650390625 0.18489583333333334 0.02783203125 0.053385416666666664
14 0.080078125 0.328125 0.02783203125 0.055338541666666664
0 0.1103515625 0.3294270833333333 0.02685546875 0.059244791666666664
10 0.13916015625 0.3268229166666667 0.02880859375 0.053385416666666664
13 0.169921875 0.32421875 0.02880859375 0.050130208333333336
26 0.22900390625 0.3255208333333333 0.029296875 0.05859375
20 0.2568359375 0.3229166666666667 0.02587890625 0.0546875
6 0.31884765625 0.31640625 0.033203125 0.052083333333333336
9 0.34814453125 0.3125 0.02197265625 0.047526041666666664
15 0.3779296875 0.318359375 0.03173828125 0.052734375
26 0.41015625 0.3170572916666667 0.02880859375 0.055338541666666664
9 0.44189453125 0.3151041666666667 0.029296875 0.048177083333333336
12 0.47119140625 0.3111979166666667 0.0283203125 0.044921875
21 0.5400390625 0.3157552083333333 0.03173828125 0.05859375
0 0.57470703125 0.314453125 0.02734375 0.060546875
4 0.61572265625 0.310546875 0.0458984375 0.06315104166666667
4 0.65673828125 0.3072916666666667 0.037109375 0.055989583333333336
4 0.67529296875 0.3359375 0.01123046875 0.0013020833333333333
12 0.693359375 0.3216145833333333 0.03125 0.05859375
14 0.8154296875 0.3092447916666667 0.02880859375 0.064453125
12 0.84814453125 0.30859375 0.0322265625 0.061848958333333336
14 0.08203125 0.3932291666666667 0.0283203125 0.055338541666666664
0 0.11083984375 0.3932291666666667 0.02587890625 0.05859375
10 0.138671875 0.3899739583333333 0.03076171875 0.061197916666666664
13 0.169921875 0.3880208333333333 0.029296875 0.056640625
13 0.08447265625 0.5260416666666666 0.0283203125 0.052734375
0 0.11474609375 0.53125 0.02783203125 0.060546875
19 0.14306640625 0.5286458333333334 0.0302734375 0.061848958333333336
12 0.1728515625 0.5260416666666666 0.02685546875 0.050130208333333336
19 0.23388671875 0.5305989583333334 0.0283203125 0.060546875
0 0.265625 0.5286458333333334 0.0283203125 0.060546875
5 0.3525390625 0.5305989583333334 0.0341796875 0.055989583333333336
9 0.3828125 0.5286458333333334 0.025390625 0.054036458333333336
17 0.4091796875 0.5299479166666666 0.0283203125 0.055989583333333336
9 0.4423828125 0.5286458333333334 0.02783203125 0.052083333333333336
26 0.4755859375 0.5299479166666666 0.033203125 0.057942708333333336
0 0.50830078125 0.5286458333333334 0.02734375 0.055989583333333336
28 0.572265625 0.5305989583333334 0.02880859375 0.055338541666666664
6 0.60546875 0.5305989583333334 0.03076171875 0.05859375
0 0.638671875 0.5338541666666666 0.03076171875 0.061848958333333336
24 0.67138671875 0.53515625 0.0322265625 0.059895833333333336
18 0.70556640625 0.53515625 0.029296875 0.05859375
28 0.7412109375 0.5319010416666666 0.029296875 0.056640625
15 0.7763671875 0.5358072916666666 0.033203125 0.061848958333333336
9 0.8095703125 0.5305989583333334 0.02734375 0.056640625
24 0.8740234375 0.5279947916666666 0.02685546875 0.057291666666666664
0 0.90185546875 0.52734375 0.02294921875 0.0625
23 0.92236328125 0.5319010416666666 0.0205078125 0.059895833333333336
0 0.9375 0.5299479166666666 0.01318359375 0.059895833333333336
14 0.111328125 0.5930989583333334 0.02734375 0.050130208333333336
17 0.1435546875 0.5950520833333334 0.0283203125 0.052734375
0 0.17333984375 0.59375 0.02880859375 0.0546875
24 0.203125 0.5944010416666666 0.02490234375 0.059895833333333336
26 0.234375 0.591796875 0.03076171875 0.055989583333333336
0 0.263671875 0.5924479166666666 0.0283203125 0.0546875
14 0.2919921875 0.5924479166666666 0.0224609375 0.057942708333333336
9 0.3203125 0.591796875 0.02783203125 0.056640625
9 0.380859375 0.5930989583333334 0.029296875 0.057291666666666664
14 0.41162109375 0.595703125 0.02587890625 0.057942708333333336
19 0.4775390625 0.6009114583333334 0.0283203125 0.061197916666666664
13 0.50830078125 0.5989583333333334 0.02587890625 0.059244791666666664
23 0.53955078125 0.6015625 0.02880859375 0.056640625
6 0.60498046875 0.6028645833333334 0.02978515625 0.0546875
9 0.63671875 0.6009114583333334 0.02685546875 0.055338541666666664
15 0.671875 0.6067708333333334 0.0361328125 0.059244791666666664
9 0.7060546875 0.6028645833333334 0.029296875 0.052083333333333336
2 0.7744140625 0.6041666666666666 0.0283203125 0.0546875
17 0.806640625 0.6067708333333334 0.0283203125 0.0546875
17 0.83935546875 0.60546875 0.02880859375 0.054036458333333336
1 0.0859375 0.662109375 0.0263671875 0.053385416666666664
22 0.115234375 0.66015625 0.02734375 0.0546875
12 0.1455078125 0.6595052083333334 0.02783203125 0.051432291666666664
24 0.1767578125 0.6627604166666666 0.0283203125 0.049479166666666664
27 0.23583984375 0.66015625 0.02978515625 0.057942708333333336
9 0.263671875 0.66015625 0.02734375 0.052734375
14 0.2939453125 0.6614583333333334 0.02587890625 0.054036458333333336
9 0.32470703125 0.6608072916666666 0.02880859375 0.051432291666666664
6 0.38525390625 0.6627604166666666 0.0302734375 0.049479166666666664
12 0.416015625 0.6614583333333334 0.02685546875 0.048828125
29 0.4462890625 0.6673177083333334 0.03125 0.048828125
9 0.4765625 0.6666666666666666 0.02783203125 0.048177083333333336
5 0.50927734375 0.6692708333333334 0.0302734375 0.051432291666666664
9 0.5390625 0.66796875 0.02978515625 0.05078125
24 0.11865234375 0.7916666666666666 0.02783203125 0.056640625
13 0.14794921875 0.7903645833333334 0.029296875 0.053385416666666664
0 0.17724609375 0.79296875 0.02685546875 0.059895833333333336
23 0.20751953125 0.79296875 0.02490234375 0.052734375
3 0.2685546875 0.79296875 0.02880859375 0.054036458333333336
12 0.2958984375 0.7916666666666666 0.02490234375 0.051432291666666664
13 0.326171875 0.7923177083333334 0.02783203125 0.050130208333333336
9 0.35595703125 0.791015625 0.0263671875 0.044921875
14 0.41552734375 0.80078125 0.0283203125 0.05078125
0 0.4482421875 0.8001302083333334 0.02685546875 0.05078125
10 0.47900390625 0.7994791666666666 0.02880859375 0.048828125
13 0.5107421875 0.8033854166666666 0.02880859375 0.055989583333333336
26 0.5419921875 0.8040364583333334 0.02685546875 0.0546875
0 0.57275390625 0.80859375 0.0283203125 0.0546875
23 0.60302734375 0.8118489583333334 0.03173828125 0.055989583333333336
6 0.669921875 0.8131510416666666 0.02783203125 0.049479166666666664
12 0.70458984375 0.814453125 0.03125 0.052734375
14 0.73828125 0.8196614583333334 0.0322265625 0.057291666666666664
9 0.7705078125 0.8196614583333334 0.03173828125 0.050130208333333336
4 0.83935546875 0.8190104166666666 0.03076171875 0.052734375
20 0.8701171875 0.822265625 0.0234375 0.057291666666666664
15 0.89892578125 0.818359375 0.02880859375 0.056640625
2 0.08935546875 0.8567708333333334 0.02978515625 0.054036458333333336
28 0.11865234375 0.8587239583333334 0.02734375 0.055338541666666664
17 0.14794921875 0.8567708333333334 0.0244140625 0.057942708333333336
12 0.17724609375 0.8528645833333334 0.02978515625 0.052083333333333336
29 0.208984375 0.8606770833333334 0.02587890625 0.059244791666666664
9 0.23583984375 0.8580729166666666 0.0302734375 0.054036458333333336
2 0.29638671875 0.857421875 0.02783203125 0.052083333333333336
17 0.32568359375 0.8645833333333334 0.0263671875 0.056640625
17 0.35595703125 0.8619791666666666 0.0283203125 0.059895833333333336
9 0.38671875 0.859375 0.029296875 0.05859375
19 0.416015625 0.86328125 0.02685546875 0.049479166666666664
3 0.51123046875 0.8697916666666666 0.03466796875 0.05859375
23 0.57080078125 0.8763020833333334 0.02783203125 0.050130208333333336
26 0.60400390625 0.8776041666666666 0.0322265625 0.059244791666666664
12 0.63623046875 0.8743489583333334 0.02734375 0.056640625
23 0.67041015625 0.8854166666666666 0.0283203125 0.0625
14 0.736328125 0.888671875 0.02978515625 0.05859375
0 0.77099609375 0.8899739583333334 0.02880859375 0.060546875
10 0.8037109375 0.8873697916666666 0.02978515625 0.057291666666666664
13 0.83740234375 0.8899739583333334 0.0283203125 0.059895833333333336
26 0.9248046875 0.880859375 0.02294921875 0.06575520833333333
28 0.9453125 0.8795572916666666 0.0166015625 0.06380208333333333
12 0.96337890625 0.8802083333333334 0.017578125 0.061197916666666664
9 0.0908203125 0.9186197916666666 0.033203125 0.055338541666666664
12 0.12109375 0.9173177083333334 0.029296875 0.055989583333333336
14 0.20751953125 0.921875 0.02490234375 0.0546875
17 0.236328125 0.923828125 0.02734375 0.05859375
0 0.26806640625 0.923828125 0.0283203125 0.059244791666666664
24 0.2978515625 0.9231770833333334 0.0244140625 0.059244791666666664
9 0.32666015625 0.9244791666666666 0.025390625 0.054036458333333336
3 0.3896484375 0.9283854166666666 0.0263671875 0.0625
23 0.447265625 0.93359375 0.03173828125 0.055989583333333336
26 0.47900390625 0.9322916666666666 0.025390625 0.055989583333333336
12 0.5087890625 0.9329427083333334 0.0244140625 0.052083333333333336
11 0.56884765625 0.9401041666666666 0.03125 0.0546875
2 0.6015625 0.9401041666666666 0.02490234375 0.051432291666666664
12 0.63427734375 0.9446614583333334 0.03076171875 0.053385416666666664