5 0.10986328125 0.216796875 0.0322265625 0.057942708333333336
9 0.13671875 0.21354166666666666 0.029296875 0.0546875
17 0.16259765625 0.21484375 0.029296875 0.051432291666666664
9 0.1884765625 0.21354166666666666 0.033203125 0.055338541666666664
26 0.21826171875 0.216796875 0.0263671875 0.052734375
0 0.24609375 0.21549479166666666 0.02685546875 0.059244791666666664
18 0.30224609375 0.21484375 0.03076171875 0.064453125
0 0.3330078125 0.20963541666666666 0.02880859375 0.052083333333333336
27 0.3603515625 0.20768229166666666 0.02880859375 0.05859375
0 0.38671875 0.20703125 0.02978515625 0.057942708333333336
19 0.44189453125 0.203125 0.033203125 0.05859375
0 0.47314453125 0.20182291666666666 0.02880859375 0.059244791666666664
23 0.50439453125 0.19856770833333334 0.029296875 0.060546875
17 0.53076171875 0.19791666666666666 0.02734375 0.059895833333333336
26 0.1083984375 0.3404947916666667 0.02587890625 0.052734375
0 0.13720703125 0.3404947916666667 0.0224609375 0.05078125
23 0.1630859375 0.341796875 0.0234375 0.059895833333333336
0 0.220703125 0.3444010416666667 0.02734375 0.057942708333333336
10 0.24560546875 0.3404947916666667 0.0302734375 0.05078125
9 0.27490234375 0.3385416666666667 0.0244140625 0.046223958333333336
20 0.30029296875 0.33984375 0.0263671875 0.05078125
14 0.3564453125 0.3385416666666667 0.0234375 0.052083333333333336
12 0.38525390625 0.3359375 0.025390625 0.052734375
5 0.4150390625 0.3359375 0.02734375 0.049479166666666664
28 0.4453125 0.3346354166666667 0.02490234375 0.048828125
19 0.50390625 0.3326822916666667 0.029296875 0.056640625
0 0.53466796875 0.333984375 0.0263671875 0.054036458333333336
12 0.56591796875 0.3294270833333333 0.02783203125 0.050130208333333336
21 0.62890625 0.3287760416666667 0.02734375 0.052734375
12 0.65966796875 0.326171875 0.02734375 0.05859375
5 0.69189453125 0.3307291666666667 0.03076171875 0.059244791666666664
9 0.72509765625 0.3307291666666667 0.03173828125 0.055989583333333336
20 0.75634765625 0.328125 0.0322265625 0.055338541666666664
14 0.82275390625 0.3268229166666667 0.02978515625 0.052734375
12 0.85498046875 0.3268229166666667 0.03466796875 0.0546875
5 0.88671875 0.3294270833333333 0.02587890625 0.057942708333333336
28 0.91015625 0.3307291666666667 0.0263671875 0.049479166666666664
19 0.1103515625 0.4055989583333333 0.0302734375 0.05078125
0 0.13720703125 0.40625 0.02392578125 0.051432291666666664
12 0.1630859375 0.404296875 0.02685546875 0.05078125
19 0.1064453125 0.5286458333333334 0.02978515625 0.052083333333333336
0 0.13525390625 0.5279947916666666 0.02587890625 0.055338541666666664
11 0.1650390625 0.53125 0.0283203125 0.0546875
24 0.13330078125 0.65625 0.02490234375 0.05078125
13 0.162109375 0.65625 0.02734375 0.048828125
0 0.1884765625 0.6575520833333334 0.02783203125 0.053385416666666664
23 0.21630859375 0.6575520833333334 0.02685546875 0.05078125
0 0.27294921875 0.6569010416666666 0.0234375 0.0546875
2 0.3017578125 0.65625 0.02587890625 0.048177083333333336
0 0.330078125 0.658203125 0.02392578125 0.054036458333333336
23 0.3564453125 0.6608072916666666 0.0283203125 0.048828125
15 0.41552734375 0.6634114583333334 0.03271484375 0.054036458333333336
0 0.44580078125 0.6640625 0.0263671875 0.050130208333333336
19 0.47314453125 0.6647135416666666 0.02978515625 0.056640625
12 0.5 0.6614583333333334 0.029296875 0.049479166666666664
14 0.529296875 0.6666666666666666 0.02783203125 0.059244791666666664
15 0.56103515625 0.66796875 0.0302734375 0.059895833333333336
19 0.59521484375 0.6686197916666666 0.02783203125 0.053385416666666664
1 0.65673828125 0.6705729166666666 0.02783203125 0.054036458333333336
2 0.6904296875 0.671875 0.0341796875 0.055338541666666664
0 0.72509765625 0.6770833333333334 0.02880859375 0.059895833333333336
14 0.755859375 0.6783854166666666 0.02734375 0.06640625
11 0.826171875 0.6809895833333334 0.0302734375 0.059895833333333336
29 0.85693359375 0.6829427083333334 0.02978515625 0.061848958333333336
9 0.88623046875 0.6803385416666666 0.02685546875 0.05859375
17 0.103515625 0.7194010416666666 0.029296875 0.052734375
0 0.13525390625 0.7174479166666666 0.02490234375 0.057942708333333336
6 0.18994140625 0.7213541666666666 0.025390625 0.053385416666666664
6 0.21533203125 0.7194010416666666 0.029296875 0.048177083333333336
28 0.24365234375 0.7259114583333334 0.0244140625 0.0546875
23 0.2744140625 0.7239583333333334 0.02783203125 0.05078125
6 0.3291015625 0.72265625 0.0263671875 0.046223958333333336
12 0.357421875 0.7259114583333334 0.02197265625 0.052083333333333336
14 0.3837890625 0.724609375 0.02490234375 0.060546875
9 0.41259765625 0.7265625 0.0322265625 0.051432291666666664
26 0.470703125 0.7330729166666666 0.03271484375 0.060546875
0 0.50390625 0.7317708333333334 0.02978515625 0.05078125
14 0.53271484375 0.7330729166666666 0.0224609375 0.046875
12 0.5625 0.7356770833333334 0.033203125 0.048828125
29 0.59521484375 0.7415364583333334 0.03466796875 0.068359375
9 0.625 0.7395833333333334 0.02880859375 0.057942708333333336
23 0.69091796875 0.7473958333333334 0.03125 0.061848958333333336
12 0.7568359375 0.7473958333333334 0.03466796875 0.054036458333333336
17 0.7900390625 0.751953125 0.02490234375 0.061848958333333336
9 0.82275390625 0.751953125 0.0322265625 0.055338541666666664
19 0.8564453125 0.7526041666666666 0.0361328125 0.055989583333333336
26 0.10400390625 0.7819010416666666 0.029296875 0.060546875
0 0.1337890625 0.7838541666666666 0.02880859375 0.059895833333333336
23 0.16259765625 0.7864583333333334 0.0283203125 0.0625
21 0.189453125 0.7845052083333334 0.0263671875 0.0546875
23 0.21728515625 0.7845052083333334 0.025390625 0.049479166666666664
2 0.27001953125 0.7877604166666666 0.02685546875 0.05078125
17 0.2978515625 0.7890625 0.0263671875 0.05078125
17 0.32421875 0.7884114583333334 0.0302734375 0.054036458333333336
9 0.357421875 0.7923177083333334 0.0244140625 0.055338541666666664
19 0.3857421875 0.7903645833333334 0.02734375 0.05859375
25 0.4736328125 0.796875 0.0283203125 0.051432291666666664
28 0.50244140625 0.796875 0.0283203125 0.05859375
8 0.533203125 0.8014322916666666 0.02880859375 0.05859375
28 0.5625 0.806640625 0.03125 0.059244791666666664
17 0.6259765625 0.8092447916666666 0.03125 0.061197916666666664
0 0.66015625 0.8111979166666666 0.02783203125 0.05859375
6 0.72314453125 0.8138020833333334 0.03369140625 0.05859375
6 0.7578125 0.8170572916666666 0.029296875 0.055338541666666664
28 0.7900390625 0.822265625 0.03076171875 0.055338541666666664
14 0.85546875 0.822265625 0.0283203125 0.055338541666666664
15 0.8876953125 0.8255208333333334 0.0263671875 0.061848958333333336
19 0.9150390625 0.8177083333333334 0.02197265625 0.054036458333333336
20 0.94140625 0.8170572916666666 0.0234375 0.054036458333333336
14 0.10498046875 0.8424479166666666 0.02490234375 0.050130208333333336
0 0.13330078125 0.845703125 0.0263671875 0.057291666666666664
23 0.16064453125 0.8463541666666666 0.02587890625 0.06380208333333333
20 0.1875 0.8424479166666666 0.0244140625 0.053385416666666664
19 0.2431640625 0.8470052083333334 0.02587890625 0.057942708333333336
0 0.2705078125 0.8483072916666666 0.025390625 0.05859375
18 0.30029296875 0.8502604166666666 0.02734375 0.057942708333333336
11 0.35888671875 0.8528645833333334 0.03076171875 0.049479166666666664
29 0.38427734375 0.85546875 0.02783203125 0.0546875