25 0.1611328125 0.12044270833333333 0.0283203125 0.05859375
28 0.1875 0.12109375 0.02587890625 0.064453125
19 0.212890625 0.12109375 0.0283203125 0.059244791666666664
9 0.24560546875 0.119140625 0.0302734375 0.056640625
0 0.2939453125 0.11783854166666667 0.03076171875 0.050130208333333336
18 0.3232421875 0.12044270833333333 0.02294921875 0.050130208333333336
23 0.35107421875 0.12239583333333333 0.02880859375 0.057291666666666664
0 0.38134765625 0.12239583333333333 0.0234375 0.055989583333333336
21 0.4296875 0.123046875 0.02880859375 0.049479166666666664
28 0.4580078125 0.12369791666666667 0.025390625 0.051432291666666664
23 0.48486328125 0.12630208333333334 0.02587890625 0.050130208333333336
20 0.51123046875 0.12825520833333334 0.02099609375 0.048828125
14 0.58642578125 0.12369791666666667 0.0224609375 0.040364583333333336
17 0.61181640625 0.125 0.02294921875 0.0546875
0 0.63671875 0.12565104166666666 0.025390625 0.050130208333333336
24 0.66552734375 0.12565104166666666 0.0244140625 0.051432291666666664
20 0.7421875 0.126953125 0.0224609375 0.041666666666666664
11 0.71533203125 0.12434895833333333 0.02392578125 0.046875
11 0.79248046875 0.12630208333333334 0.0234375 0.046223958333333336
20 0.8203125 0.12565104166666666 0.0234375 0.048828125
14 0.8642578125 0.12760416666666666 0.02392578125 0.042317708333333336
23 0.890625 0.12890625 0.02587890625 0.046875
9 0.91552734375 0.125 0.02587890625 0.05078125
11 0.15966796875 0.177734375 0.0244140625 0.051432291666666664
9 0.18603515625 0.17643229166666666 0.03076171875 0.054036458333333336
24 0.2119140625 0.17708333333333334 0.02392578125 0.052734375
9 0.23974609375 0.17643229166666666 0.02978515625 0.049479166666666664
28 0.29736328125 0.177734375 0.0283203125 0.047526041666666664
27 0.3271484375 0.17838541666666666 0.0244140625 0.046223958333333336
17 0.35009765625 0.18033854166666666 0.02099609375 0.048177083333333336
0 0.37939453125 0.18098958333333334 0.02490234375 0.048177083333333336
18 0.40478515625 0.177734375 0.0244140625 0.051432291666666664
24 0.509765625 0.18229166666666666 0.0224609375 0.050130208333333336
13 0.53662109375 0.18424479166666666 0.02587890625 0.046875
0 0.5634765625 0.18489583333333334 0.025390625 0.050130208333333336
23 0.58837890625 0.18229166666666666 0.02294921875 0.05078125
9 0.638671875 0.181640625 0.0234375 0.050130208333333336
14 0.6650390625 0.18294270833333334 0.02490234375 0.046223958333333336
26 0.693359375 0.18294270833333334 0.0263671875 0.046875
0 0.72021484375 0.177734375 0.01953125 0.050130208333333336
23 0.76806640625 0.181640625 0.0283203125 0.049479166666666664
0 0.794921875 0.181640625 0.02783203125 0.051432291666666664
18 0.8193359375 0.17903645833333334 0.02197265625 0.046875
8 0.84521484375 0.18294270833333334 0.02490234375 0.048828125
18 0.8671875 0.18424479166666666 0.0205078125 0.052734375
14 0.89013671875 0.18229166666666666 0.0224609375 0.044270833333333336
6 0.16015625 0.23177083333333334 0.02490234375 0.037760416666666664
12 0.18359375 0.23502604166666666 0.029296875 0.044270833333333336
29 0.2138671875 0.23697916666666666 0.02734375 0.047526041666666664
9 0.2431640625 0.232421875 0.02587890625 0.045572916666666664
2 0.2958984375 0.23177083333333334 0.0234375 0.044921875
17 0.32275390625 0.23763020833333334 0.02490234375 0.044921875
17 0.3486328125 0.23697916666666666 0.02685546875 0.044921875
9 0.37890625 0.23307291666666666 0.03076171875 0.047526041666666664
19 0.40625 0.23763020833333334 0.02685546875 0.056640625
4 0.4873046875 0.23372395833333334 0.02392578125 0.041666666666666664
28 0.51123046875 0.23893229166666666 0.02490234375 0.051432291666666664
21 0.537109375 0.23958333333333334 0.029296875 0.046223958333333336
14 0.58837890625 0.24088541666666666 0.02099609375 0.048177083333333336
23 0.6162109375 0.23828125 0.02685546875 0.049479166666666664
9 0.69189453125 0.23828125 0.02685546875 0.050130208333333336
14 0.7412109375 0.23958333333333334 0.02197265625 0.043619791666666664
14 0.76611328125 0.23893229166666666 0.0234375 0.044921875
9 0.79443359375 0.236328125 0.0302734375 0.044921875
2 0.818359375 0.23763020833333334 0.0234375 0.044921875
0 0.8447265625 0.23763020833333334 0.02392578125 0.04296875
23 0.8681640625 0.23828125 0.0244140625 0.044270833333333336
9 0.89501953125 0.23502604166666666 0.0263671875 0.042317708333333336
4 0.16162109375 0.291015625 0.02294921875 0.04296875
28 0.18603515625 0.2942708333333333 0.02685546875 0.054036458333333336
21 0.21484375 0.2923177083333333 0.02880859375 0.05078125
0 0.298828125 0.296875 0.02734375 0.049479166666666664
18 0.3251953125 0.296875 0.025390625 0.049479166666666664
23 0.353515625 0.2955729166666667 0.02392578125 0.05078125
0 0.37890625 0.2955729166666667 0.02490234375 0.05078125
4 0.43408203125 0.2942708333333333 0.02734375 0.041015625
28 0.46044921875 0.2994791666666667 0.02587890625 0.052734375
21 0.48828125 0.296875 0.0263671875 0.047526041666666664
14 0.53955078125 0.30078125 0.02392578125 0.049479166666666664
23 0.56201171875 0.298828125 0.0224609375 0.048828125
26 0.58740234375 0.294921875 0.02783203125 0.050130208333333336
9 0.6162109375 0.2955729166666667 0.02978515625 0.0546875
12 0.64306640625 0.2955729166666667 0.0244140625 0.047526041666666664
18 0.693359375 0.2962239583333333 0.0263671875 0.048177083333333336
13 0.72021484375 0.298828125 0.025390625 0.051432291666666664
12 0.74560546875 0.29296875 0.0185546875 0.052734375
6 0.7685546875 0.2890625 0.0283203125 0.047526041666666664
24 0.84521484375 0.29296875 0.021484375 0.041666666666666664
13 0.86962890625 0.2923177083333333 0.02490234375 0.043619791666666664
0 0.89404296875 0.2916666666666667 0.01953125 0.037760416666666664
23 0.91650390625 0.2962239583333333 0.02490234375 0.042317708333333336
0 0.16162109375 0.3548177083333333 0.02490234375 0.046223958333333336
2 0.1875 0.3541666666666667 0.025390625 0.040364583333333336
0 0.2158203125 0.3528645833333333 0.0234375 0.044921875
23 0.24267578125 0.353515625 0.02490234375 0.048177083333333336
5 0.298828125 0.35546875 0.0234375 0.048177083333333336
9 0.32470703125 0.3528645833333333 0.02587890625 0.048828125
17 0.35107421875 0.3522135416666667 0.02001953125 0.04296875
9 0.380859375 0.3502604166666667 0.0234375 0.044270833333333336
26 0.40771484375 0.3541666666666667 0.02294921875 0.046875
0 0.43408203125 0.3541666666666667 0.021484375 0.046223958333333336
14 0.4580078125 0.353515625 0.02001953125 0.041015625
9 0.48583984375 0.3502604166666667 0.02490234375 0.041015625
13 0.53955078125 0.3502604166666667 0.02197265625 0.040364583333333336
12 0.56494140625 0.349609375 0.02099609375 0.04296875
9 0.6162109375 0.349609375 0.025390625 0.041666666666666664
24 0.64208984375 0.349609375 0.0234375 0.044921875
14 0.69287109375 0.3509114583333333 0.021484375 0.046223958333333336
23 0.71923828125 0.3522135416666667 0.02392578125 0.045572916666666664
17 0.74267578125 0.3528645833333333 0.02099609375 0.046223958333333336
9 0.7685546875 0.3515625 0.0234375 0.045572916666666664
19 0.79638671875 0.3509114583333333 0.01904296875 0.047526041666666664
3 0.87158203125 0.353515625 0.0205078125 0.042317708333333336
0 0.89501953125 0.3502604166666667 0.02001953125 0.039713541666666664
17 0.9169921875 0.3522135416666667 0.01953125 0.037109375
19 0.16162109375 0.412109375 0.02294921875 0.047526041666666664
0 0.1884765625 0.41015625 0.02392578125 0.043619791666666664
18 0.2158203125 0.41015625 0.025390625 0.043619791666666664
14 0.26953125 0.4114583333333333 0.021484375 0.044270833333333336
12 0.298828125 0.4108072916666667 0.02099609375 0.041666666666666664
3 0.1611328125 0.5345052083333334 0.0234375 0.048828125
0 0.18994140625 0.5325520833333334 0.0263671875 0.051432291666666664
17 0.2138671875 0.53125 0.0205078125 0.050130208333333336
19 0.2724609375 0.5299479166666666 0.02197265625 0.047526041666666664
0 0.29931640625 0.53125 0.025390625 0.045572916666666664
18 0.32568359375 0.5286458333333334 0.02294921875 0.044270833333333336
19 0.38134765625 0.52734375 0.02490234375 0.04296875
9 0.40771484375 0.5266927083333334 0.021484375 0.040364583333333336
12 0.43359375 0.5266927083333334 0.02392578125 0.040364583333333336
3 0.1630859375 0.6510416666666666 0.0263671875 0.048828125
0 0.189453125 0.6497395833333334 0.02392578125 0.052083333333333336
17 0.21337890625 0.6497395833333334 0.02294921875 0.050130208333333336
19 0.27294921875 0.6497395833333334 0.025390625 0.045572916666666664
0 0.30029296875 0.6471354166666666 0.025390625 0.044270833333333336
18 0.3271484375 0.646484375 0.0244140625 0.044270833333333336
19 0.3818359375 0.6451822916666666 0.0224609375 0.042317708333333336
0 0.41015625 0.6471354166666666 0.025390625 0.044921875
12 0.43505859375 0.64453125 0.02392578125 0.043619791666666664
19 0.16357421875 0.7721354166666666 0.02294921875 0.051432291666666664
0 0.19091796875 0.7727864583333334 0.02294921875 0.046223958333333336
26 0.16552734375 0.8893229166666666 0.02197265625 0.046875
20 0.189453125 0.8938802083333334 0.02294921875 0.046223958333333336
23 0.2158203125 0.8951822916666666 0.02294921875 0.049479166666666664
19 0.27392578125 0.8912760416666666 0.02587890625 0.046875
0 0.3017578125 0.8873697916666666 0.0224609375 0.04296875
18 0.33056640625 0.888671875 0.025390625 0.048177083333333336
25 0.38623046875 0.8815104166666666 0.02294921875 0.044921875
28 0.412109375 0.8821614583333334 0.02490234375 0.047526041666666664
8 0.4384765625 0.8795572916666666 0.0244140625 0.043619791666666664
28 0.46533203125 0.8802083333333334 0.0234375 0.046223958333333336
17 0.51904296875 0.8756510416666666 0.021484375 0.040364583333333336
0 0.5439453125 0.8756510416666666 0.02294921875 0.042317708333333336
6 0.5986328125 0.87109375 0.02490234375 0.047526041666666664
6 0.62548828125 0.8684895833333334 0.0205078125 0.046875
28 0.650390625 0.8697916666666666 0.02392578125 0.049479166666666664